0.7991002947092056 
0.7319221198558807 
0.6553767025470734 
0.6693196296691895 
0.6192327588796616 
0.6212645769119263 
0.5341259837150574 
0.577046662569046 
0.47387882322072983 
0.4917101413011551 
0.5734920054674149 
0.484379842877388 
0.5185587257146835 
0.5059968456625938 
0.4766848161816597 
0.43200644850730896 
0.575320653617382 
0.4704661965370178 
0.5113506838679314 
0.48204227536916733 
0.5194817259907722 
0.46601396054029465 
0.48524466156959534 
0.5085049122571945 
0.49298157542943954 
0.49472422152757645 
0.4753038287162781 
0.523141123354435 
0.4697078987956047 
0.4974442645907402 
0.4658524990081787 
0.5490733534097672 
0.474032923579216 
0.47752201557159424 
0.4890821874141693 
0.44038932025432587 
0.4327641651034355 
0.40239817649126053 
0.471658892929554 
0.47732218354940414 
0.46373721212148666 
0.43710482120513916 
0.44659416377544403 
0.4954434633255005 
0.44248687475919724 
0.46347133070230484 
0.44224144518375397 
0.43729785084724426 
0.45847825706005096 
0.49411173164844513 
0.45515381544828415 
0.433275543153286 
0.444623701274395 
0.4262925162911415 
0.5406525284051895 
0.553778886795044 
0.4691622406244278 
0.4376698061823845 
0.4949178621172905 
0.5079295262694359 
0.47586870193481445 
0.4492843374609947 
0.48856373131275177 
0.41921184957027435 
0.44220035523176193 
0.4061698094010353 
0.4123091995716095 
0.3739597648382187 
0.37164823710918427 
0.4634023457765579 
0.4382677227258682 
0.38595007359981537 
0.4249032810330391 
0.4158870130777359 
0.3942231461405754 
0.4256828650832176 
0.4398181885480881 
0.44647981226444244 
0.38640256971120834 
0.3838283345103264 
