0.6808079034090042 
0.7108948826789856 
0.7438536882400513 
0.6481759697198868 
0.668798640370369 
0.5841368585824966 
0.5185103565454483 
0.5398146212100983 
0.5072827786207199 
0.5260860472917557 
0.5389540493488312 
0.5283672139048576 
0.5564766377210617 
0.4955110475420952 
0.5285050347447395 
0.5035712197422981 
0.49864982068538666 
0.45907112210989 
0.4913194179534912 
0.5139129236340523 
0.8584614396095276 
0.7718397825956345 
0.6646967828273773 
0.6003946289420128 
0.5881886333227158 
0.6080634891986847 
0.5737731009721756 
0.545668214559555 
0.6515897810459137 
0.5670253336429596 
0.5799884796142578 
0.5877190828323364 
0.7902578860521317 
0.7150669991970062 
0.6921947002410889 
0.5882992446422577 
0.5689248740673065 
0.4808749333024025 
0.5410919263958931 
0.514124758541584 
0.5997450053691864 
0.5173716694116592 
0.5336883142590523 
0.45666613429784775 
0.43162284791469574 
0.4847666695713997 
0.447958804666996 
0.401431143283844 
0.5025132074952126 
0.4720723479986191 
0.438202328979969 
0.4755376800894737 
0.5193450003862381 
0.50814189016819 
0.4934193193912506 
0.49861373007297516 
0.4501259922981262 
0.4534035995602608 
0.4497045576572418 
0.45325685292482376 
0.4777754172682762 
0.4923131391406059 
0.44792502373456955 
0.41964875906705856 
0.43361739814281464 
0.38654472678899765 
0.47082819789648056 
0.46672338247299194 
0.4387234076857567 
0.42723139375448227 
0.44572195410728455 
0.41738111525774 
0.4581538960337639 
0.43686413764953613 
0.4019201919436455 
0.4761611223220825 
0.450711727142334 
0.4754374921321869 
0.4573715999722481 
0.37683605402708054 
0.48276975750923157 
0.4020533189177513 
0.44440001249313354 
0.39433692395687103 
0.41810452193021774 
0.420234777033329 
0.46059341728687286 
0.4225674644112587 
0.3972439020872116 
0.4271705448627472 
0.4663829356431961 
0.3990777060389519 
